blockMeshDict

vertices
(
    (20 0 0)     //0
    (20 1 0)     //1
    (8 1 0)      //2 
    (8 0 0)      //3
    (20 0 0.1)   //4
    (20 1 0.1)   //5
    (8 1 0.1)    //6 
    (8 0 0.1)    //7

    (20 2 0.1)   //8 
    (20 2 0)     //9
    (8 2 0)      //10
    (8 2 0.1)    //11
	
    (0 2 0.1)    //12
    (0 2 0)      //13
    (0 1 0)      //14
    (0 1 0.1)    //15

);​

(
    hex (3 0 1 2 7 4 5 6) (120 20 1) simpleGrading (1 1 1)     
    hex (2 1 9 10 6 5 8 11) (120 20 1) simpleGrading (1 1 1)   
	hex (14 2 10 13 15 6 11 12) (80 20 1) simpleGrading (1 1 1)  
);​
